--- COMPLETE PARAMETRICAL OUTPUT ---
----------------------------------------------
Time of the calculation       : 09-04-2018 14:12:01
Type of the calculation       : Basic approximated
Name of the project           : Nový projekt
Name of the span              : Nové rozpätie

Total number of wires      : 7
Number of phase conductors : 6
Number of ground wires     : 1
----------------------------------------------

--- PHASE MATRICES ---

R [Ohm/km]
0.16325 0.04261 0.04175 0.04396 0.04261 0.04175 
0.04261 0.16083 0.04086 0.04261 0.04154 0.04086 
0.04175 0.04086 0.15960 0.04175 0.04086 0.04031 
0.04396 0.04261 0.04175 0.16325 0.04261 0.04175 
0.04261 0.04154 0.04086 0.04261 0.16083 0.04086 
0.04175 0.04086 0.04031 0.04175 0.04086 0.15960 

L [mH/km]
1.90152 0.72212 0.61111 0.61915 0.59666 0.57024 
0.72212 1.97233 0.77714 0.59666 0.63806 0.65168 
0.61111 0.77714 2.01351 0.57024 0.65168 0.73114 
0.61915 0.59666 0.57024 1.90152 0.72212 0.61111 
0.59666 0.63806 0.65168 0.72212 1.97233 0.77714 
0.57024 0.65168 0.73114 0.61111 0.77714 2.01351 

C [F/km]
7.984E-9 -1.489E-9 -6.190E-10 -1.079E-9 -6.428E-10 -4.198E-10 
-1.489E-9 8.152E-9 -1.453E-9 -6.428E-10 -6.358E-10 -6.154E-10 
-6.190E-10 -1.453E-9 8.048E-9 -4.198E-10 -6.154E-10 -1.030E-9 
-1.079E-9 -6.428E-10 -4.198E-10 7.984E-9 -1.489E-9 -6.190E-10 
-6.428E-10 -6.358E-10 -6.154E-10 -1.489E-9 8.152E-9 -1.453E-9 
-4.198E-10 -6.154E-10 -1.030E-9 -6.190E-10 -1.453E-9 8.048E-9 

Z [Ohm/km]
0.16325 0.59738i   0.04261 0.22686i   0.04175 0.19199i   0.04396 0.19451i   0.04261 0.18745i   0.04175 0.17915i   
0.04261 0.22686i   0.16083 0.61963i   0.04086 0.24415i   0.04261 0.18745i   0.04154 0.20045i   0.04086 0.20473i   
0.04175 0.19199i   0.04086 0.24415i   0.15960 0.63256i   0.04175 0.17915i   0.04086 0.20473i   0.04031 0.22970i   
0.04396 0.19451i   0.04261 0.18745i   0.04175 0.17915i   0.16325 0.59738i   0.04261 0.22686i   0.04175 0.19199i   
0.04261 0.18745i   0.04154 0.20045i   0.04086 0.20473i   0.04261 0.22686i   0.16083 0.61963i   0.04086 0.24415i   
0.04175 0.17915i   0.04086 0.20473i   0.04031 0.22970i   0.04175 0.19199i   0.04086 0.24415i   0.15960 0.63256i   

Y [S/km]
0.000E0 2.508E-6i   0.000E0 -4.677E-7i   0.000E0 -1.945E-7i   0.000E0 -3.391E-7i   0.000E0 -2.019E-7i   0.000E0 -1.319E-7i   
0.000E0 -4.677E-7i   0.000E0 2.561E-6i   0.000E0 -4.566E-7i   0.000E0 -2.019E-7i   0.000E0 -1.997E-7i   0.000E0 -1.933E-7i   
0.000E0 -1.945E-7i   0.000E0 -4.566E-7i   0.000E0 2.528E-6i   0.000E0 -1.319E-7i   0.000E0 -1.933E-7i   0.000E0 -3.235E-7i   
0.000E0 -3.391E-7i   0.000E0 -2.019E-7i   0.000E0 -1.319E-7i   0.000E0 2.508E-6i   0.000E0 -4.677E-7i   0.000E0 -1.945E-7i   
0.000E0 -2.019E-7i   0.000E0 -1.997E-7i   0.000E0 -1.933E-7i   0.000E0 -4.677E-7i   0.000E0 2.561E-6i   0.000E0 -4.566E-7i   
0.000E0 -1.319E-7i   0.000E0 -1.933E-7i   0.000E0 -3.235E-7i   0.000E0 -1.945E-7i   0.000E0 -4.566E-7i   0.000E0 2.528E-6i   


--- SYMMETRICAL COMPONENTS ---

R [Ohm/km]
0 0.24471 
1 0.11949 
2 0.11949 
3 0.24471 
4 0.11949 
5 0.11949 

L [mH/km]
0 3.36937 
1 1.25899 
2 1.25899 
3 3.36937 
4 1.25899 
5 1.25899 

C [F/km]
0 5.687E-9 
1 9.248E-9 
2 9.248E-9 
3 5.687E-9 
4 9.248E-9 
5 9.248E-9 

Z [Ohm/km]
0 0.24471   1.05852i   
1 0.11949   0.39552i   
2 0.11949   0.39552i   
3 0.24471   1.05852i   
4 0.11949   0.39552i   
5 0.11949   0.39552i   

Y [S/km]
0 0.000E0   1.787E-6i   
1 9.264E-23   2.905E-6i   
2 -9.264E-23   2.905E-6i   
3 0.000E0   1.787E-6i   
4 -1.059E-22   2.905E-6i   
5 1.059E-22   2.905E-6i   

END OF FILE
