--- COMPLETE PARAMETRICAL OUTPUT ---
----------------------------------------------
Time of the calculation       : 10-04-2018 10:29:34
Type of the calculation       : Basic approximated
Name of the project           : Nový projekt
Name of the span              : Nové rozpätie

Total number of wires      : 6
Number of phase conductors : 6
Number of ground wires     : 0
----------------------------------------------

--- PHASE MATRICES ---

R [Ohm/km]
0.16745 0.04935 0.04935 0.04935 0.04935 0.04935 
0.04935 0.16745 0.04935 0.04935 0.04935 0.04935 
0.04935 0.04935 0.16745 0.04935 0.04935 0.04935 
0.04935 0.04935 0.04935 0.16745 0.04935 0.04935 
0.04935 0.04935 0.04935 0.04935 0.16745 0.04935 
0.04935 0.04935 0.04935 0.04935 0.04935 0.16745 

L [mH/km]
2.68997 1.09612 0.96183 1.03018 0.97066 0.92096 
1.09612 2.68997 1.09613 0.97066 0.97828 0.97066 
0.96183 1.09613 2.68997 0.92096 0.97066 1.03018 
1.03018 0.97066 0.92096 2.68997 1.09612 0.96183 
0.97066 0.97828 0.97066 1.09612 2.68997 1.09613 
0.92096 0.97066 1.03018 0.96183 1.09613 2.68997 

C [F/km]
7.815E-9 -1.568E-9 -6.641E-10 -1.248E-9 -7.223E-10 -4.649E-10 
-1.568E-9 8.114E-9 -1.475E-9 -7.223E-10 -6.733E-10 -6.367E-10 
-6.641E-10 -1.475E-9 8.035E-9 -4.649E-10 -6.367E-10 -1.042E-9 
-1.248E-9 -7.223E-10 -4.649E-10 7.815E-9 -1.568E-9 -6.641E-10 
-7.223E-10 -6.733E-10 -6.367E-10 -1.568E-9 8.114E-9 -1.475E-9 
-4.649E-10 -6.367E-10 -1.042E-9 -6.641E-10 -1.475E-9 8.035E-9 

Z [Ohm/km]
0.16745 0.84508i   0.04935 0.34436i   0.04935 0.30217i   0.04935 0.32364i   0.04935 0.30494i   0.04935 0.28933i   
0.04935 0.34436i   0.16745 0.84508i   0.04935 0.34436i   0.04935 0.30494i   0.04935 0.30733i   0.04935 0.30494i   
0.04935 0.30217i   0.04935 0.34436i   0.16745 0.84508i   0.04935 0.28933i   0.04935 0.30494i   0.04935 0.32364i   
0.04935 0.32364i   0.04935 0.30494i   0.04935 0.28933i   0.16745 0.84508i   0.04935 0.34436i   0.04935 0.30217i   
0.04935 0.30494i   0.04935 0.30733i   0.04935 0.30494i   0.04935 0.34436i   0.16745 0.84508i   0.04935 0.34436i   
0.04935 0.28933i   0.04935 0.30494i   0.04935 0.32364i   0.04935 0.30217i   0.04935 0.34436i   0.16745 0.84508i   

Y [S/km]
0.000E0 2.455E-6i   0.000E0 -4.926E-7i   0.000E0 -2.086E-7i   0.000E0 -3.920E-7i   0.000E0 -2.269E-7i   0.000E0 -1.461E-7i   
0.000E0 -4.926E-7i   0.000E0 2.549E-6i   0.000E0 -4.633E-7i   0.000E0 -2.269E-7i   0.000E0 -2.115E-7i   0.000E0 -2.000E-7i   
0.000E0 -2.086E-7i   0.000E0 -4.633E-7i   0.000E0 2.524E-6i   0.000E0 -1.461E-7i   0.000E0 -2.000E-7i   0.000E0 -3.273E-7i   
0.000E0 -3.920E-7i   0.000E0 -2.269E-7i   0.000E0 -1.461E-7i   0.000E0 2.455E-6i   0.000E0 -4.926E-7i   0.000E0 -2.086E-7i   
0.000E0 -2.269E-7i   0.000E0 -2.115E-7i   0.000E0 -2.000E-7i   0.000E0 -4.926E-7i   0.000E0 2.549E-6i   0.000E0 -4.633E-7i   
0.000E0 -1.461E-7i   0.000E0 -2.000E-7i   0.000E0 -3.273E-7i   0.000E0 -2.086E-7i   0.000E0 -4.633E-7i   0.000E0 2.524E-6i   


--- SYMMETRICAL COMPONENTS ---

R [Ohm/km]
0 0.26614 
1 0.11810 
2 0.11810 
3 0.26614 
4 0.11810 
5 0.11810 

L [mH/km]
0 4.79268 
1 1.63861 
2 1.63861 
3 4.79268 
4 1.63861 
5 1.63861 

C [F/km]
0 5.517E-9 
1 9.224E-9 
2 9.224E-9 
3 5.517E-9 
4 9.224E-9 
5 9.224E-9 

Z [Ohm/km]
0 0.26614   1.50567i   
1 0.11810   0.51478i   
2 0.11810   0.51478i   
3 0.26614   1.50567i   
4 0.11810   0.51478i   
5 0.11810   0.51478i   

Y [S/km]
0 0.000E0   1.733E-6i   
1 -9.264E-23   2.898E-6i   
2 9.264E-23   2.898E-6i   
3 0.000E0   1.733E-6i   
4 1.323E-23   2.898E-6i   
5 -1.323E-23   2.898E-6i   

END OF FILE
