--- COMPLETE PARAMETRICAL OUTPUT ---
----------------------------------------------
Time of the calculation       : 15-03-2018 13:30:54
Type of the calculation       : Basic approximated
Name of the project           : Nový projekt
Name of the span              : Nové rozpätie

Total number of wires      : 6
Number of phase conductors : 6
Number of ground wires     : 0
----------------------------------------------

--- PHASE MATRICES ---

R [Ohm/km]
0.77370 0.04935 0.04935 0.04935 0.04935 0.04935 
0.04935 0.77370 0.04935 0.04935 0.04935 0.04935 
0.04935 0.04935 0.77370 0.04935 0.04935 0.04935 
0.04935 0.04935 0.04935 0.77370 0.04935 0.04935 
0.04935 0.04935 0.04935 0.04935 0.77370 0.04935 
0.04935 0.04935 0.04935 0.04935 0.04935 0.77370 

L [mH/km]
2.43688 1.00911 0.87048 1.04557 0.95637 0.85447 
1.00911 2.43688 1.00911 0.95637 1.04557 0.95637 
0.87048 1.00911 2.43688 0.85447 0.95637 1.04557 
1.04557 0.95637 0.85447 2.43688 1.00911 0.87048 
0.95637 1.04557 0.95637 1.00911 2.43688 1.00911 
0.85447 0.95637 1.04557 0.87048 1.00911 2.43688 

C [F/km]
7.223E-9 -7.539E-10 -2.370E-10 -1.086E-9 -5.714E-10 -2.534E-10 
-7.539E-10 7.349E-9 -7.539E-10 -5.640E-10 -9.501E-10 -5.640E-10 
-2.370E-10 -7.539E-10 7.223E-9 -2.534E-10 -5.714E-10 -1.086E-9 
-1.086E-9 -5.640E-10 -2.534E-10 6.981E-9 -9.527E-10 -4.012E-10 
-5.714E-10 -9.501E-10 -5.714E-10 -9.527E-10 7.147E-9 -9.527E-10 
-2.534E-10 -5.640E-10 -1.086E-9 -4.012E-10 -9.527E-10 6.981E-9 

Z [Ohm/km]
0.77370 0.76557i   0.04935 0.31702i   0.04935 0.27347i   0.04935 0.32848i   0.04935 0.30045i   0.04935 0.26844i   
0.04935 0.31702i   0.77370 0.76557i   0.04935 0.31702i   0.04935 0.30045i   0.04935 0.32848i   0.04935 0.30045i   
0.04935 0.27347i   0.04935 0.31702i   0.77370 0.76557i   0.04935 0.26844i   0.04935 0.30045i   0.04935 0.32848i   
0.04935 0.32848i   0.04935 0.30045i   0.04935 0.26844i   0.77370 0.76557i   0.04935 0.31702i   0.04935 0.27347i   
0.04935 0.30045i   0.04935 0.32848i   0.04935 0.30045i   0.04935 0.31702i   0.77370 0.76557i   0.04935 0.31702i   
0.04935 0.26844i   0.04935 0.30045i   0.04935 0.32848i   0.04935 0.27347i   0.04935 0.31702i   0.77370 0.76557i   

Y [S/km]
0.000E0 2.269E-6i   0.000E0 -2.368E-7i   0.000E0 -7.445E-8i   0.000E0 -3.412E-7i   0.000E0 -1.795E-7i   0.000E0 -7.960E-8i   
0.000E0 -2.368E-7i   0.000E0 2.309E-6i   0.000E0 -2.368E-7i   0.000E0 -1.772E-7i   0.000E0 -2.985E-7i   0.000E0 -1.772E-7i   
0.000E0 -7.445E-8i   0.000E0 -2.368E-7i   0.000E0 2.269E-6i   0.000E0 -7.960E-8i   0.000E0 -1.795E-7i   0.000E0 -3.412E-7i   
0.000E0 -3.412E-7i   0.000E0 -1.772E-7i   0.000E0 -7.960E-8i   0.000E0 2.193E-6i   0.000E0 -2.993E-7i   0.000E0 -1.260E-7i   
0.000E0 -1.795E-7i   0.000E0 -2.985E-7i   0.000E0 -1.795E-7i   0.000E0 -2.993E-7i   0.000E0 2.245E-6i   0.000E0 -2.993E-7i   
0.000E0 -7.960E-8i   0.000E0 -1.772E-7i   0.000E0 -3.412E-7i   0.000E0 -1.260E-7i   0.000E0 -2.993E-7i   0.000E0 2.193E-6i   


--- SYMMETRICAL COMPONENTS ---

R [Ohm/km]
0 0.87240 
1 0.72435 
2 0.72435 
3 0.87240 
4 0.72435 
5 0.72435 

L [mH/km]
0 4.36268 
1 1.47398 
2 1.47398 
3 4.36268 
4 1.47398 
5 1.47398 

C [F/km]
0 6.102E-9 
1 7.847E-9 
2 7.847E-9 
3 5.499E-9 
4 7.805E-9 
5 7.805E-9 

Z [Ohm/km]
0 0.87240   1.37057i   
1 0.72435   0.46307i   
2 0.72435   0.46307i   
3 0.87240   1.37057i   
4 0.72435   0.46307i   
5 0.72435   0.46307i   

Y [S/km]
0 0.000E0   1.917E-6i   
1 1.059E-23   2.465E-6i   
2 -1.059E-23   2.465E-6i   
3 0.000E0   1.728E-6i   
4 -2.118E-23   2.452E-6i   
5 2.118E-23   2.452E-6i   

END OF FILE
